50 6 6 6
52 6 5.964 5.97814
54 6 5.93018 5.95761
56 6 5.90073 5.93972
58 6 5.87782 5.92581
60 6 5.86364 5.9172
62 6 5.86036 5.91521
64 6 5.87018 5.92117
66 6 5.89527 5.93641
68 6 5.93782 5.96224
70 6 6 6
72 6 6.08182 6.04968
74 6 6.17455 6.10599
76 6 6.26727 6.16229
78 6 6.34909 6.21197
80 6 6.40909 6.24841
82 6 6.43636 6.26497
84 6 6.42 6.25503
86 6 6.34909 6.21197
88 6 6.21273 6.12917
90 6 6 6
92 2 5.70473 5.82021
94 2 5.33964 5.59503
96 2 4.92218 5.33208
98 2 4.46982 5.03896
100 2 4 4.72328
102 2 3.53018 4.39266
104 2 3.07782 4.0547
106 2 2.66036 3.71702
108 2 2.29527 3.38721
110 2 2 3.07289
112 2 1.78727 2.78168
114 2 1.65091 2.52117
116 2 1.58 2.29898
118 2 1.56364 2.12272
120 2 1.59091 2
122 2 1.65091 1.93478
124 2 1.73273 1.91643
126 2 1.82545 1.9307
128 2 1.91818 1.96331
130 2 2 2
132 2 2.06218 2.02904
134 2 2.10473 2.04892
136 2 2.12982 2.06064
138 2 2.13964 2.06522
140 2 2.13636 2.06369
142 2 2.12218 2.05707
144 2 2.09927 2.04637
146 2 2.06982 2.03261
148 2 2.036 2.01682
